crosssection_e = np.diag(np.array([
    0.00541750, 0.05340156, 0.11909868, 0.18094067, 0.23634749, 0.29713896,
    0.36409542, 0.42955037, 0.49203583, 0.55401946, 0.61572689, 0.67612937,
    0.73497283, 0.79249181, 0.84871108, 0.90354217, 0.95693369, 1.00887388,
    1.05941013, 1.10863597, 1.15659187, 1.20328292, 1.24874640, 1.29304822,
    1.33624871, 1.37840302, 1.41955710, 1.45974876, 1.49902799, 1.53745746,
    1.57510172, 1.61202507, 1.64826014, 1.68380224, 1.71868881, 1.75301391,
    1.78684071, 1.82018231, 1.85305711, 1.88549742, 1.91753629, 1.94920570,
    1.98053071, 2.01152411, 2.04222499, 2.07272666, 2.10307915, 2.13322324,
    2.16311377, 2.19277870, 2.22226707, 2.25165460, 2.28099918, 2.31029229,
    2.33951150, 2.36863269, 2.39764894, 2.42661845, 2.45561604, 2.48472000
    ]))

    crosssection_ebar = np.diag(np.array([
    0.00023750, 0.00359335, 0.01002282, 0.01880983, 0.02947257, 0.04172754,
    0.05529044, 0.06988413, 0.08528245, 0.10130732, 0.11781749, 0.13470718,
    0.15188561, 0.16927877, 0.18680640, 0.20439430, 0.22202148, 0.23970312,
    0.25739518, 0.27501810, 0.29256240, 0.31007183, 0.32754354, 0.34493722,
    0.36222651, 0.37939962, 0.39646598, 0.41345413, 0.43037169, 0.44720383,
    0.46393631, 0.48055750, 0.49708680, 0.51357843, 0.53003064, 0.54636687,
    0.56256826, 0.57870411, 0.59481185, 0.61086793, 0.62684975, 0.64274495,
    0.65855754, 0.67431901, 0.69005066, 0.70574579, 0.72139151, 0.73696887,
    0.75248254, 0.76799510, 0.78353381, 0.79900924, 0.81437727, 0.82978093,
    0.84531350, 0.86079665, 0.87607010, 0.89123864, 0.90647215, 0.92195250
    ]))

    crosssection_mu = np.diag(np.array([
    0.00000000, 0.00681134, 0.03370245, 0.08440227, 0.15181846, 0.22125087,
    0.28820832, 0.35630648, 0.42537046, 0.49312560, 0.55893600, 0.62326705,
    0.68609331, 0.74717971, 0.80645914, 0.86401234, 0.91988204, 0.97410990,
    1.02673685, 1.07781685, 1.12740675, 1.17557387, 1.22239965, 1.26797867,
    1.31236938, 1.35560041, 1.39772375, 1.43881418, 1.47893605, 1.51814154,
    1.55648039, 1.59400019, 1.63076955, 1.66688005, 1.70238202, 1.73726934,
    1.77155668, 1.80529335, 1.83853264, 1.87132871, 1.90371817, 1.93570766,
    1.96732785, 1.99865785, 2.02974670, 2.06057217, 2.09112404, 2.12143866,
    2.15155145, 2.18148101, 2.21125067, 2.24090271, 2.27046120, 2.29988951,
    2.32917070, 2.35838845, 2.38762164, 2.41685820, 2.44606378, 2.47520000
    ]))

    crosssection_mubar = np.diag(np.array([
    0.00000000, 0.00065252, 0.00424174, 0.01181584, 0.02278661, 0.03535380,
    0.04885754, 0.06354350, 0.07923649, 0.09552801, 0.11223517, 0.12932515,
    0.14670284, 0.16425082, 0.18190759, 0.19965404, 0.21745175, 0.23525540,
    0.25303665, 0.27078148, 0.28846222, 0.30604495, 0.32353284, 0.34095919,
    0.35832443, 0.37560071, 0.39277950, 0.40987070, 0.42686730, 0.44374506,
    0.46050445, 0.47717331, 0.49376441, 0.51027022, 0.52669466, 0.54305688,
    0.55935724, 0.57556806, 0.59168405, 0.60773707, 0.62373951, 0.63966513,
    0.65550767, 0.67130368, 0.68707668, 0.70281382, 0.71850379, 0.73414805,
    0.74974433, 0.76527735, 0.78074555, 0.79618771, 0.81164047, 0.82711219,
    0.84259207, 0.85802531, 0.87336898, 0.88865635, 0.90393966, 0.91927500
    ]))
